0000000000000000220000000000000000
0000000000000111221110000000000000
0000000000111112222111110000000000
0000000111111112222111111110000000
0000111111111122222211111111110000
0111111111111222222221111111111110
2222222222222222222222222222222222
1122222222222222222222222222222211
0111122222222222222222222222211110
0011111122222222222222222211111100
0001111111222222222222221111111000
0000111112222222222222222111110000
0000011122222222112222222211100000
0000001122222221111222222211000000
0000000122221111111111222210000000
0000000221111111111111111220000000
0000000000000000000000000000000000
